-1001825256407
-1001689403136
-1001668693502
-1001718208032
-1001652583968
-1001362447281
-1001715080143
-1001153727698
-1001675121621
-1001718470703
-1001686983869
-1001748921857
-1001467786616
-1001718470703
-1001694621444
-1001823875086
-1001875815048
-1001762448273
-1001694621444
-1001725795956
-1001767201622
-1001713406525
-1001767201622
-1001861270058
 -1005901878954
-1005901878954
-1001726078912
-1001717848065
-1001647252590
-1001756195371
-1001883856033
-1001657233956
-1001300027599
-1001845103029
-1001746480728
1900986195
